
Einfluss der Hilfsvariablen auf log odds am Online Panel teilzunehmen.
=======================================================================================
                                              Dependent variable:                      
                         --------------------------------------------------------------
                         Internetzugang Internetdauer3h Internetdauer4h Internetdauer5h
                              (1)             (2)             (3)             (4)      
---------------------------------------------------------------------------------------
Männlich (Ja)                -0,091         0,269**        0,335***        0,381***    
                            (0,190)         (0,118)         (0,126)         (0,138)    
                                                                                       
Alter<20 vs.40-60            14,813        1,745***        1,643***        1,321***    
                           (513,272)        (0,377)         (0,326)         (0,322)    
                                                                                       
20-40 vs.40-60              2,105***       0,864***        0,879***        0,820***    
                            (0,629)         (0,142)         (0,148)         (0,162)    
                                                                                       
60-70 vs.40-60             -1,623***       -0,726***       -0,642***       -0,610**    
                            (0,280)         (0,185)         (0,215)         (0,247)    
                                                                                       
Alter>70 vs.40-60          -2,877***       -0,935***       -1,330***       -1,819***   
                            (0,275)         (0,266)         (0,368)         (0,526)    
                                                                                       
Bildung niedrig vs. hoch   -1,745***       -0,443**        -0,470**         -0,188     
                            (0,258)         (0,189)         (0,213)         (0,231)    
                                                                                       
Bildung mitte vs. hoch      -0,582**        -0,170          -0,206          -0,081     
                            (0,285)         (0,135)         (0,145)         (0,159)    
                                                                                       
Verheiratet (Ja)            0,982***       -0,462***       -0,363***        -0,231     
                            (0,196)         (0,130)         (0,139)         (0,153)    
                                                                                       
Großstadt vs. Dorf           0,458*        0,559***        0,702***        0,721***    
                            (0,235)         (0,152)         (0,161)         (0,174)    
                                                                                       
Stadt vs. Dorf               0,328          0,272*           0,162           0,091     
                            (0,214)         (0,145)         (0,158)         (0,176)    
                                                                                       
Union vs. Nichtwähler       1,050***        -0,163          -0,325          -0,252     
                            (0,294)         (0,209)         (0,217)         (0,229)    
                                                                                       
SPD vs. Nichtwähler         1,043***        -0,110          -0,119          -0,346     
                            (0,310)         (0,225)         (0,233)         (0,253)    
                                                                                       
Linke vs. Nichtwähler        0,564          -0,561*        -0,721**        -1,075***   
                            (0,428)         (0,288)         (0,303)         (0,349)    
                                                                                       
Grüne vs. Nichtwähler       1,564***        -0,151          -0,173          -0,224     
                            (0,450)         (0,225)         (0,231)         (0,245)    
                                                                                       
FDP vs. Nichtwähler         1,425***         0,216          -0,162           0,003     
                            (0,447)         (0,268)         (0,280)         (0,292)    
                                                                                       
AFD vs. Nichtwähler         1,281***        -0,148          -0,413          -0,423     
                            (0,467)         (0,286)         (0,312)         (0,343)    
                                                                                       
Sonstige vs. Nichtwähler     0,520          -0,374          -0,401          -0,602     
                            (0,788)         (0,397)         (0,407)         (0,444)    
                                                                                       
(Intercept)                 2,454***        -0,339         -0,942***       -1,537***   
                            (0,409)         (0,254)         (0,269)         (0,292)    
                                                                                       
---------------------------------------------------------------------------------------
Observations                 1,847           1,424           1,424           1,424     
Log Likelihood              -412,366       -855,648        -773,569        -674,287    
Akaike Inf. Crit.           860,731        1,747,296       1,583,138       1,384,575   
=======================================================================================
Note:                                                       *p<0,1; **p<0,05; ***p<0,01
